0.03363286346937661986
0.01200145443471613976
0.00166977696066470532
0.00550707828505980160
0.00361159010210996027
0.00168100589667431331
0.01080361257130349126
0.00135476701885223877
0.00118778529715499138
0.00069638146701031685
0.00063449474679786518
0.00082632894340963295
0.65945546093667217757
0.00134945410161818906
0.00164362600846727487
0.00147772992461791012
0.00112369179219814542
0.00081769280600686430
0.00151350014139477618
0.00161847379846194613
0.00143961958578208739
0.00155226834070001495
0.00121784560182287339
0.00141092164410177873
0.00169338104649012109
0.11951243589558020741
0.10852865558671274948
0.00140086414608775814
0.00165524383451264284
0.00281718863310481682
0.01545918186175229692
0.00191891061780653360
0.01244230021133243234
0.00216819518871098297
0.00053958806584700268
0.00218258961741424123
0.00166268615019845765
0.00108553551009626156
0.00166328594530936315
0.00106111814415361916
0.01387820846777597199
0.00097916070642952422
0.00569891012500059035
0.00387489316409360450
0.00173911755773632467
0.01168308033916380488
0.00153272166570005770
0.00096909123855712885
0.00063202279959413384
0.00064927834387660339
0.00061096478256020845
0.03429898064868516783
0.00107151594503920779
0.00116368884414485923
0.00109405283924236211
0.00120510063416681191
0.00075718532625663440
0.00133970164000141883
0.00128254877971394911
0.00092195040605772092
0.00097343649024014117
0.00145748735789063134
0.00091818080023907725
0.00143672628992913445
0.03540550653067831011
0.02912497226750679000
0.00125394425696400877
0.00201889127507131521
0.00302274748889630419
0.01201554432621307865
0.00219715917620978132
0.01366021121704252828
0.00220897335499878290
0.00060322094407105756
0.00228556328910359784
0.00206644918198916824
0.00105732381751628729
0.00103927793315569282
0.00114925848165169380
0.00100247423408535781
0.00380915401567034212
0.00325270273133409756
0.00141194903734098882
0.04035873833582005743
0.00161723118633864136
0.00111384034866690790
0.00070896599936881176
0.00081229769259350167
0.00074250842394371088
0.01326072110884308868
0.00085959334494469268
0.00147666034107105820
0.00088837183683164185
0.00133501936273285071
0.00079194502414985666
0.00075495841719717743
0.00110148763295889315
0.00089984099261639864
0.00069635932019846260
0.00102861133541997827
0.00064617583192809035
0.00131590089254713066
0.01191616475930964113
0.01040569238370881409
0.00111441404175552762
0.00210005349538118719
0.00344247027813059667
0.06480028375803471852
0.00221200303103042707
0.07087459247026249576
0.00145820937488989975
0.00112910808574293942
0.00287627876651673020
0.00200951467989237374
0.00099699672560208535
0.00094372188999240390
0.00090669014571039658
0.00120256415180823931
0.00290070822229480810
0.00149283726148036308
0.00142334583490413250
0.02290066308279565740
0.00139829769449636748
0.00082387339382763666
0.00096065513617253596
0.00120613900499539901
0.00167712657492221501
0.00556251313968495354
0.02631655849594388696
0.00570576444723461945
0.00167221507954876114
0.00059428473974873226
0.01758447244019089445
0.00142874732369677507
0.00500258200473115058
0.01860895768700084746
0.01852125809851002183
0.00475760942454962494
0.00324538297633121748
0.00103120355771088188
0.00118161620273732858
0.00353317493131419203
0.00161329084318254990
0.00181847347070955806
0.00122725616954979209
0.00173857472560830185
0.00119861580795493547
0.00132066757407171918
0.00115326991777306800
0.00126922941777803675
0.00155134347347462751
0.00420224584820757651
0.02480196841989687484
0.00411544711569621340
0.00734845719920780918
0.00291754940929309483
0.00395905748095120007
0.00195464183309396102
0.00108155517799556154
0.00086225116183720214
0.00096436026332293989
0.00071631958588995437
0.00473106741541909001
0.00098096438849117908
0.00219655802782715804
0.00089291153198472030
0.00242867759616602515
0.00044791232477933967
0.00140485830028975437
0.00190375684547909423
0.00053933879069836550
0.00112180766509471807
0.00142437672745161369
0.00065114895893055675
0.00177236245574005917
0.00362176672245245702
0.00361041004329208139
0.00210778579030256388
0.00465200605114984411
0.00717826947705920738
0.00367032854360486386
0.00467703218620830509
0.00424538471633621826
0.00170924167097752399
0.00070138233011129048
0.00624504322284723419
0.00466078574202454573
0.00127836767711184888
0.00160379611639332531
0.00133590794870299279
0.00394975697790609509
0.00338519314197641228
0.00305621699345519316
0.00230038342398958566
0.00168500592204019338
0.00142994628410358687
0.00120879631723166308
0.00350608268925384258
0.00230948458841505637
0.00267777665716872415
0.00214964152701809267
0.00298903566886553384
0.00125558368818068735
0.00256300686099130435
0.00321748506167430625
0.00217349185433886186
0.00263551008787027983
0.00253282100532494425
0.00238930733974236555
0.00333812170499044264
0.00312873125595925557
0.00306289483434040539
0.00241526272223136851
0.00605971972068918441
0.00751762328888189862
0.00312721387221672614
0.00651251369672905134
0.00361282441602040101
0.00269821226267302500
0.00136957232099786815
0.00567358883095129239
0.00533328022790489041
0.00279451316280025395
0.00257156054228514395
0.00256447786584531635
0.00163557663986151590
0.00158688550720861681
0.00128582925942814460
0.00097071832172695288
0.00062838369468754094
0.00093985834465936736
0.00159329930122836046
0.00134907129613530213
0.00129053600156237079
0.00129125378909425372
0.00188989295635951524
0.00041811154607373965
0.00128858648048620593
0.00142972653277460317
0.00190201916304781659
0.00119871678067448714
0.00128588367927607227
0.00161843932627260025
0.00173501424363994611
0.00152337466196662765
0.00159924882811324828
0.00166907939395023459
0.00244440018208610639
0.00308757948999637813
0.00138517060232781829
0.00269123711383184800
0.00164231226223307417
0.00113193203001309443
0.00074257773205552255
0.00278557781781024836
0.00251875733398776273
0.00140050466756599587
0.00134793297977930937
0.00134589010258609715
0.00144507248646052609
0.00121663491442692076
0.00075830320069248725
0.00092437580558945806
0.00079731519752621028
0.01178577684704123184
0.00166323880197836722
0.00121163811688628918
0.00159826277492379075
0.00161692109043004139
0.00063392711981574343
0.00114245463466825436
0.00157730630165608238
0.00121615164350148078
0.00118857683891462180
0.00128565921728292774
0.00147174672944305166
0.00169649493794439142
0.01105305121775036065
0.01083702243296581942
0.00138966137075360830
0.00250395311738470152
0.00331901416494475047
0.05301677155066518432
0.00262893433534237613
0.05179703318189970290
0.00230991911471870818
0.00080931997335108785
0.00259150107611875102
0.00259393530299545632
0.00131423610100863926
0.00137318593017018401
0.00118182681840505680
0.00124634531067485568
0.00108636866046009123
0.00068554313551126512
0.00075471111265538039
0.00138945825032901803
0.00388867497062428749
0.04066367759455202791
0.00411085657608399081
0.00187921843144549499
0.00077434786896473458
0.01827771460587140559
0.00102488602927041229
0.00389202849190826679
0.01851739596637878502
0.03462834108025326235
0.00391125732701805631
0.00274871028323577741
0.00114601981549578144
0.00130830898007807425
0.00529148239706593321
0.00168740557550498427
0.00237207137185154121
0.00128782095177387788
0.00196940322673693369
0.00167705864989362518
0.00071756782744977624
0.00086524437952969449
0.00164518091195246449
0.00181781402789516237
0.00367590088588558078
0.03139608403358658956
0.00351334070242774249
0.00047862156945190602
0.00083190124063448447
0.00094386419332651418
0.00111471016337343597
0.00186857384562377099
0.00092796970901299193
0.00191348791262114138
0.00201410793105055415
0.00062452070378026274
0.00104031810815692887
0.00109884947572995808
0.00189089739671579335
0.00161425622960913498
0.00166620412043821811
0.00178792470817230680
0.00157108469368484171
0.00132372558775149026
0.00105124746285616068
0.00136362901776421056
0.00140592730547232795
0.00191930582250121801
0.00105958200138392389
0.00149699086887411666
0.00100947833434232820
0.00085567812233490611
0.00076300117450382612
0.00096288690067827668
0.00155478010774274676
0.00153417118482164646
0.00152873356832826314
0.00147539567454025721
0.01669134104173986347
0.01245285201839282235
0.00037634029991367578
0.00060660475368043865
0.00084466302190477980
0.00060634744377413650
0.00075573420465698861
0.01477391159537322710
0.00077574478287988470
0.00029925807940207286
0.00074613748435695528
0.00076162781147724842
0.00074744065315025408
0.00067895983660519054
0.00070999909916901664
0.00076235818840059946
0.00067356394240012166
0.00032443460473425206
0.00104682497023559176
0.00097403237059402866
0.00046289960944693683
0.00108709344374723635
0.00061442807104275087
0.00105453654284236959
0.07225955613981864534
0.00072208526634243305
0.00084809293403925680
0.00089020357597553615
0.00079016648043739443
0.00086104378198504413
0.08918440300716941327
0.00073164736575343620
0.00127778147645235302
0.00066570811269275583
0.00113851623767046383
0.00150701504901766602
0.10627700806696134539
0.00053890940365817694
0.00055694959981356345
0.00110688969107196485
0.00083010235719227043
0.00133527167353882179
0.00114986339922090210
0.00093906815273049420
0.00072004667180816152
0.00067921327662640485
0.00080765280234761767
0.00079400671484585296
0.00138048026718520984
0.00059678236558627698
0.00105523260509548578
0.00081192091713193490
0.00037653722882168705
0.01839083807958085195
0.00074314108561396785
0.00090438686135215396
0.00096599919713052050
0.00059943722978265989
0.00125037064163606654
0.00076450828046522603
0.00157661108828440594
0.00073509959018081287
0.00166938886879027556
0.00106532663584363915
0.08389799883630952304
0.00094678106994814867
0.00049480470631631896
0.00109553778582272780
0.00121641996126383226
0.00075774724949308463
0.00130243775993249826
0.00095767077874614373
0.00066663091240921641
0.00100257887683524987
0.00070098703114319894
0.00070238931010763444
0.00090445795919440078
0.00066245291129173013
0.00085211082404783561
0.00073390868667320009
0.00084535381362972378
0.01268243437835167575
0.00085476288622263598
0.00078414861349498130
0.00106443196308618677
0.00114878431480091659
0.00084490027240981757
0.00149364687403102893
0.00158111493980331048
0.00146701278998335170
0.00114721548184494246
0.00081341168118122590
0.00158987576802605154
0.00156085426406673980
0.00140799572641707904
0.00146706000453554822
0.00127993283384453022
0.00132450153751066712
0.00155442510877245796
0.12085614766178982837
0.10905333135574060699
0.00125257985591359735
0.00153587411946861513
0.00283226548964946295
0.01614771223499135780
0.00175576422149335311
0.01316032649562587191
0.00250310088648793543
0.00068254270695539587
0.00197977715796730227
0.00162003986164989270
0.00101630355477661059
0.00132987726367034698
0.00110208866260374464
0.00347815348875947982
0.69234991566848058664
0.00342450047404917321
0.00108683301857983271
0.00455850657557454585
0.00107889673183381553
0.05186458568648849576
0.00692929521931879688
0.00445054794090961065
0.05628248891404847437
0.00410208666975677132
0.00144669719408321937
0.00197531294406908886
0.03649969060000080034
0.00164684185061854155
0.00175650814208571835
0.00118192369595483356
0.00185796610270568614
0.00095247790741237589
0.00233456955128703587
0.00131847141716348918
0.00107681952901437237
0.00157550780399565182
0.07150284878806419109
0.00571279202227261210
0.06853414473810173768
0.00367164485342905307
0.00111152021710133643
0.00120018900685739849
0.01777703050618293507
0.00130866380382267710
0.00388986010714849209
0.01973413706960834221
0.03584328932520667449
0.00405197278208904894
0.00309266563638788518
0.00117184014977821083
0.00125858208478254519
0.00367507560450907765
0.00149787058362881097
0.00221111846731512083
0.00074198408739667974
0.00160177355388143564
0.00148125211079928008
0.00099335694112787651
0.00055204211539604026
0.00162211643969820823
0.00136906437545056010
0.00391047255069987103
0.03612753347671387311
0.00376658389063538792
0.00336233844171766405
0.00097876463926161437
0.00455083833272854239
0.00125568401067225385
0.05334934341571751643
0.00721998708653467935
0.00419082915453642627
0.05839807100178762839
0.00370223345971358803
0.00170697215487691160
0.00238330220910229354
0.03721603550718418502
0.00152900941363027197
0.00189533037767283005
0.00125345382810719075
0.00174560587082748034
0.00116155869052973607
0.00216704895667292705
0.00106820484790762314
0.00112687543282733870
0.00153884728105140771
0.07385172881047785687
0.00597669029348051658
0.07052807140845189504
0.00089528520316804847
0.00169096807627463737
0.00174925382121538398
0.00315935615858227220
0.00400034949314170222
0.00164256409673948058
0.00336794656641858621
0.00234946213195036824
0.00147335365398862622
0.00159284686571127630
0.00174398664742231617
0.03457866967772107308
0.02061473908334384222
0.00164803279437307514
0.03331005347665951660
0.00128643974360329971
0.00190179095662404061
0.00065544615811398963
0.03815484705063573040
0.03578130700515326501
0.00236096258508850052
0.00396142690596964098
0.00219642502966101898
0.00092550924304687042
0.00066949324212105894
0.00090585555260209885
0.00113295045765411640
0.00117858966828324457
0.00064690459035823009
0.00101955962320191755
0.00071015723087719377
0.00083358678705605649
0.00056834839690614281
0.00101882600417906792
0.00089260509341866406
0.00066612966099721801
0.00088462878212416615
0.00061634722569786399
0.00057097418358942537
0.01824150577105847909
0.00087761870808018079
0.00089128206547016344
0.00071643711869699765
0.00073462122722478648
0.00071921451459498362
0.00123284149250604954
0.00419651275101430837
0.08557709746787431349
0.01631734806668427157
0.00444017347992270005
0.00290876196553152772
0.00140039633378543607
0.00115463380565123080
0.00366458469091592584
0.00154820949019838627
0.00186444566864168364
0.00091163670131593334
0.00168222263970169280
0.00092760461211805801
0.00155344356412548726
0.00091537345563048021
0.00163012983657941763
0.00171549030965464011
0.00375796037379719965
0.01855061731349763252
0.00336820320307880915
0.00110348777822819413
0.00119428839280830016
0.00141182547153194567
0.00127700344273019828
0.00165983116840879609
0.00107399482749372913
0.00104668145006990890
0.00104669843954728723
0.00203120312572055341
0.00231393495205634535
0.00151741803800514372
0.00190430810563004612
0.00130450142663964940
0.00117432254749530928
0.00037616264696159349
0.00169699821348175584
0.00195087142152083567
0.00114562308616705300
0.00109255625472168033
0.00120133028443695404
0.00591120651917826766
0.00421202836692317981
0.59006678070211082687
0.00336205999789813796
0.00172238569270037134
0.00184917276802531940
0.02657206894227939070
0.00150362989062164331
0.00148451748307234046
0.00200447208659479794
0.00172315013239778209
0.00131577920396172272
0.00186306952457289312
0.00090525817417190307
0.00120753224616745262
0.00188373659010786731
0.04336532100376123966
0.00463453891641205790
0.04035701428063117463
0.01602499706264792073
0.00614214702857016417
0.00358891462705128016
0.00166547510464123884
0.00121017815808650603
0.00409423765299126233
0.00134142721979617374
0.00174440377829757206
0.00122097286530211888
0.00156870696997305522
0.00119727154863239101
0.00141139759275338088
0.00112948090550160207
0.00142671116122250626
0.00146267409276424070
0.00446830988792742620
0.02412011999058354464
0.00409099995650722206
0.00445290753639972312
0.00278015229987893606
0.00119831349355017892
0.00145240020684480947
0.00464395816838517744
0.00169468542025018689
0.00180657809044702821
0.00125296913351073658
0.00182448881532718075
0.00122302373547558316
0.00097260752861713000
0.00100312155749472795
0.00125530069286940767
0.00165302794230681510
0.00320722249731811640
0.03159944309318490213
0.00304061806559021612
0.00323995062741597476
0.00160939884235091293
0.00207476526152919382
0.02706948898876106527
0.00147846981545406717
0.00153463624818997988
0.00163994868959217136
0.00169512090951176629
0.00116629258234400329
0.00185335939043747007
0.00098639820437812801
0.00111125618414527469
0.00174830739697251492
0.04352532442919764682
0.00479777527242090246
0.04064284941180434929
0.00164345132093540801
0.00164350672089126409
0.00228321668947014094
0.00183825126972273455
0.00240132763016034836
0.00176070109815331722
0.00211683772691998156
0.00150525360154017186
0.00201100927427117849
0.00078526844232002337
0.00174011298448933363
0.00172438014187120529
0.00278201925740077880
0.00383376784293276403
0.00276894902351895907
0.24742511598491939706
0.00126918793925340223
0.00174207935384400911
0.00271219622941452606
0.01547331076001658319
0.00177061113459158555
0.01238076737125881795
0.00221060635228961105
0.00090582098229762497
0.00172124697353951924
0.00154148860738459177
0.00142880394838352989
0.00138439169013935388
0.00168174901694243873
0.00115792582610128154
0.00141305999348033092
0.00234273125419823258
0.01470171475924685577
0.00145226284540555736
0.01031369685029270497
0.00231193527054932794
0.00079778378630458149
0.00145459170319178419
0.00148084102609731994
0.00160321970458957019
0.00159744139958471038
0.00146553104580070411
0.00195050173777848793
0.00208711780367286511
0.00126214769015896462
0.00192751640765809564
0.00128216211982574253
0.00099406508445530227
0.00047368669763965613
0.00173235617135320029
0.00159498590414243642
0.03457539948595563656
0.00399598331744102208
0.03390441708400588477
0.03143098776807068395
0.00145564486847027624
0.71872118405360541082
0.00177059543003606581
0.00135970943072046685
0.00058223493044978899
0.08795796849221004798
0.68925756221377210142
0.00200508777689776185
0.00109848992945633201
0.00201507803603282343
0.00275474413846853042
0.03086972162889150412
0.00324657899312877189
0.00212149114601797384
0.00129099079667588010
0.03531828540222663182
0.03242231665112101785
0.00241571227949495104
0.00188926487315468081
0.00234482331930740799
0.00148487302923758463
0.18517773694622224889
0.00219208880262311730
0.00073055025832827788
0.00162390592762035046
0.00145483144098154855
0.00171951858669457222
0.00149921482887695472
0.00146641330284537981
0.00197533206177951098
0.00144298837418148558
0.00056612968828951757
0.08479024991139752498
0.71165695018655195092
0.00228475466668604790
0.00153905807066807474
0.00231876184741289281
0.00167068455433320604
0.00130737430494698610
0.00221631861933232728
0.00180584606714327537
0.00130587155030819713
0.00148336108838045106
0.00127855675031769158
0.00076204391357771663
0.00145030551550314347
0.00132748554429644558
0.00171167331397093663
0.00145952006645093174
0.00149853071673367987
0.00123686089233395391
0.00064106962606876256
0.00121263890415852999
0.00083290954049011995
0.00064959589434360242
0.09120961544430199186
0.00136808466434428129
0.00128168118073199427
0.00120617845538402825
0.00216410337266926753
0.00140363619893356297
0.00213462376604183846
0.00413413592125536425
0.50026042515817048528
0.00336100121071813843