0
0.0336328634693766
0.0120014544347161
0.00166977696066471
0.0055070782850598
0.00361159010210996
0.00168100589667431
0.0108036125713035
0.00135476701885224
0.00118778529715499
0.000696381467010317
0.000634494746797865
0.000826328943409633
0.659455460936672
0.00134945410161819
0.00164362600846727
0.00147772992461791
0.00112369179219815
0.000817692806006864
0.00151350014139478
0.00161847379846195
0.00143961958578209
0.00155226834070001
0.00121784560182287
0.00141092164410178
0.00169338104649012
0.11951243589558
0.108528655586713
0.00140086414608776
0.00165524383451264
0.00281718863310482
0.0154591818617523
0.00191891061780653
0.0124423002113324
0.00216819518871098
0.000539588065847003
0.00218258961741424
0.00166268615019846
0.00108553551009626
0.00166328594530936
0.00106111814415362
0
0
0.013878208467776
0.000979160706429524
0.00569891012500059
0.0038748931640936
0.00173911755773632
0.0116830803391638
0.00153272166570006
0.000969091238557129
0.000632022799594134
0.000649278343876603
0.000610964782560208
0.0342989806486852
0.00107151594503921
0.00116368884414486
0.00109405283924236
0.00120510063416681
0.000757185326256634
0.00133970164000142
0.00128254877971395
0.000921950406057721
0.000973436490240141
0.00145748735789063
0.000918180800239077
0.00143672628992913
0.0354055065306783
0.0291249722675068
0.00125394425696401
0.00201889127507132
0.0030227474888963
0.0120155443262131
0.00219715917620978
0.0136602112170425
0.00220897335499878
0.000603220944071058
0.0022855632891036
0.00206644918198917
0.00105732381751629
0.00103927793315569
0.00114925848165169
0
0
0
0.00100247423408536
0.00380915401567034
0.0032527027313341
0.00141194903734099
0.0403587383358201
0.00161723118633864
0.00111384034866691
0.000708965999368812
0.000812297692593502
0.000742508423943711
0.0132607211088431
0.000859593344944693
0.00147666034107106
0.000888371836831642
0.00133501936273285
0.000791945024149857
0.000754958417197177
0.00110148763295889
0.000899840992616399
0.000696359320198463
0.00102861133541998
0.00064617583192809
0.00131590089254713
0.0119161647593096
0.0104056923837088
0.00111441404175553
0.00210005349538119
0.0034424702781306
0.0648002837580347
0.00221200303103043
0.0708745924702625
0.0014582093748899
0.00112910808574294
0.00287627876651673
0.00200951467989237
0.000996996725602085
0.000943721889992404
0.000906690145710397
0
0
0
0
0.00120256415180824
0.00290070822229481
0.00149283726148036
0.00142334583490413
0.0229006630827957
0.00139829769449637
0.000823873393827637
0.000960655136172536
0.0012061390049954
0.00167712657492222
0.00556251313968495
0.0263165584959439
0.00570576444723462
0.00167221507954876
0.000594284739748732
0.0175844724401909
0.00142874732369678
0.00500258200473115
0.0186089576870008
0.01852125809851
0.00475760942454962
0.00324538297633122
0.00103120355771088
0.00118161620273733
0.00353317493131419
0.00161329084318255
0.00181847347070956
0.00122725616954979
0.0017385747256083
0.00119861580795494
0.00132066757407172
0.00115326991777307
0.00126922941777804
0.00155134347347463
0.00420224584820758
0.0248019684198969
0.00411544711569621
0
0
0
0
0
0.00734845719920781
0.00291754940929309
0.0039590574809512
0.00195464183309396
0.00108155517799556
0.000862251161837202
0.00096436026332294
0.000716319585889954
0.00473106741541909
0.000980964388491179
0.00219655802782716
0.00089291153198472
0.00242867759616603
0.00044791232477934
0.00140485830028975
0.00190375684547909
0.000539338790698365
0.00112180766509472
0.00142437672745161
0.000651148958930557
0.00177236245574006
0.00362176672245246
0.00361041004329208
0.00210778579030256
0.00465200605114984
0.00717826947705921
0.00367032854360486
0.00467703218620831
0.00424538471633622
0.00170924167097752
0.00070138233011129
0.00624504322284723
0.00466078574202455
0.00127836767711185
0.00160379611639333
0.00133590794870299
0
0
0
0
0
0
0.0039497569779061
0.00338519314197641
0.00305621699345519
0.00230038342398959
0.00168500592204019
0.00142994628410359
0.00120879631723166
0.00350608268925384
0.00230948458841506
0.00267777665716872
0.00214964152701809
0.00298903566886553
0.00125558368818069
0.0025630068609913
0.00321748506167431
0.00217349185433886
0.00263551008787028
0.00253282100532494
0.00238930733974237
0.00333812170499044
0.00312873125595926
0.00306289483434041
0.00241526272223137
0.00605971972068918
0.0075176232888819
0.00312721387221673
0.00651251369672905
0.0036128244160204
0.00269821226267303
0.00136957232099787
0.00567358883095129
0.00533328022790489
0.00279451316280025
0.00257156054228514
0.00256447786584532
0
0
0
0
0
0
0
0.00163557663986152
0.00158688550720862
0.00128582925942814
0.000970718321726953
0.000628383694687541
0.000939858344659367
0.00159329930122836
0.0013490712961353
0.00129053600156237
0.00129125378909425
0.00188989295635952
0.00041811154607374
0.00128858648048621
0.0014297265327746
0.00190201916304782
0.00119871678067449
0.00128588367927607
0.0016184393262726
0.00173501424363995
0.00152337466196663
0.00159924882811325
0.00166907939395023
0.00244440018208611
0.00308757948999638
0.00138517060232782
0.00269123711383185
0.00164231226223307
0.00113193203001309
0.000742577732055523
0.00278557781781025
0.00251875733398776
0.001400504667566
0.00134793297977931
0.0013458901025861
0
0
0
0
0
0
0
0
0.00144507248646053
0.00121663491442692
0.000758303200692487
0.000924375805589458
0.00079731519752621
0.0117857768470412
0.00166323880197837
0.00121163811688629
0.00159826277492379
0.00161692109043004
0.000633927119815743
0.00114245463466825
0.00157730630165608
0.00121615164350148
0.00118857683891462
0.00128565921728293
0.00147174672944305
0.00169649493794439
0.0110530512177504
0.0108370224329658
0.00138966137075361
0.0025039531173847
0.00331901416494475
0.0530167715506652
0.00262893433534238
0.0517970331818997
0.00230991911471871
0.000809319973351088
0.00259150107611875
0.00259393530299546
0.00131423610100864
0.00137318593017018
0.00118182681840506
0
0
0
0
0
0
0
0
0
0.00124634531067486
0.00108636866046009
0.000685543135511265
0.00075471111265538
0.00138945825032902
0.00388867497062429
0.040663677594552
0.00411085657608399
0.00187921843144549
0.000774347868964735
0.0182777146058714
0.00102488602927041
0.00389202849190827
0.0185173959663788
0.0346283410802533
0.00391125732701806
0.00274871028323578
0.00114601981549578
0.00130830898007807
0.00529148239706593
0.00168740557550498
0.00237207137185154
0.00128782095177388
0.00196940322673693
0.00167705864989363
0.000717567827449776
0.000865244379529694
0.00164518091195246
0.00181781402789516
0.00367590088588558
0.0313960840335866
0.00351334070242774
0
0
0
0
0
0
0
0
0
0
0.000478621569451906
0.000831901240634484
0.000943864193326514
0.00111471016337344
0.00186857384562377
0.000927969709012992
0.00191348791262114
0.00201410793105055
0.000624520703780263
0.00104031810815693
0.00109884947572996
0.00189089739671579
0.00161425622960913
0.00166620412043822
0.00178792470817231
0.00157108469368484
0.00132372558775149
0.00105124746285616
0.00136362901776421
0.00140592730547233
0.00191930582250122
0.00105958200138392
0.00149699086887412
0.00100947833434233
0.000855678122334906
0.000763001174503826
0.000962886900678277
0.00155478010774275
0.00153417118482165
0.00152873356832826
0.00147539567454026
0
0
0
0
0
0
0
0
0
0
0
0.0166913410417399
0.0124528520183928
0.000376340299913676
0.000606604753680439
0.00084466302190478
0.000606347443774136
0.000755734204656989
0.0147739115953732
0.000775744782879885
0.000299258079402073
0.000746137484356955
0.000761627811477248
0.000747440653150254
0.000678959836605191
0.000709999099169017
0.000762358188400599
0.000673563942400122
0.000324434604734252
0.00104682497023559
0.000974032370594029
0.000462899609446937
0.00108709344374724
0.000614428071042751
0.00105453654284237
0.0722595561398186
0.000722085266342433
0.000848092934039257
0.000890203575975536
0.000790166480437394
0.000861043781985044
0
0
0
0
0
0
0
0
0
0
0
0
0.0891844030071694
0.000731647365753436
0.00127778147645235
0.000665708112692756
0.00113851623767046
0.00150701504901767
0.106277008066961
0.000538909403658177
0.000556949599813563
0.00110688969107196
0.00083010235719227
0.00133527167353882
0.0011498633992209
0.000939068152730494
0.000720046671808162
0.000679213276626405
0.000807652802347618
0.000794006714845853
0.00138048026718521
0.000596782365586277
0.00105523260509549
0.000811920917131935
0.000376537228821687
0.0183908380795809
0.000743141085613968
0.000904386861352154
0.000965999197130521
0.00059943722978266
0.00125037064163607
0
0
0
0
0
0
0
0
0
0
0
0
0
0.000764508280465226
0.00157661108828441
0.000735099590180813
0.00166938886879028
0.00106532663584364
0.0838979988363095
0.000946781069948149
0.000494804706316319
0.00109553778582273
0.00121641996126383
0.000757747249493085
0.0013024377599325
0.000957670778746144
0.000666630912409216
0.00100257887683525
0.000700987031143199
0.000702389310107634
0.000904457959194401
0.00066245291129173
0.000852110824047836
0.0007339086866732
0.000845353813629724
0.0126824343783517
0.000854762886222636
0.000784148613494981
0.00106443196308619
0.00114878431480092
0.000844900272409818
0
0
0
0
0
0
0
0
0
0
0
0
0
0
0.00149364687403103
0.00158111493980331
0.00146701278998335
0.00114721548184494
0.000813411681181226
0.00158987576802605
0.00156085426406674
0.00140799572641708
0.00146706000453555
0.00127993283384453
0.00132450153751067
0.00155442510877246
0.12085614766179
0.109053331355741
0.0012525798559136
0.00153587411946862
0.00283226548964946
0.0161477122349914
0.00175576422149335
0.0131603264956259
0.00250310088648794
0.000682542706955396
0.0019797771579673
0.00162003986164989
0.00101630355477661
0.00132987726367035
0.00110208866260374
0
0
0
0
0
0
0
0
0
0
0
0
0
0
0
0.00347815348875948
0.692349915668481
0.00342450047404917
0.00108683301857983
0.00455850657557455
0.00107889673183382
0.0518645856864885
0.0069292952193188
0.00445054794090961
0.0562824889140485
0.00410208666975677
0.00144669719408322
0.00197531294406909
0.0364996906000008
0.00164684185061854
0.00175650814208572
0.00118192369595483
0.00185796610270569
0.000952477907412376
0.00233456955128704
0.00131847141716349
0.00107681952901437
0.00157550780399565
0.0715028487880642
0.00571279202227261
0.0685341447381017
0
0
0
0
0
0
0
0
0
0
0
0
0
0
0
0
0.00367164485342905
0.00111152021710134
0.0012001890068574
0.0177770305061829
0.00130866380382268
0.00388986010714849
0.0197341370696083
0.0358432893252067
0.00405197278208905
0.00309266563638789
0.00117184014977821
0.00125858208478255
0.00367507560450908
0.00149787058362881
0.00221111846731512
0.00074198408739668
0.00160177355388144
0.00148125211079928
0.000993356941127877
0.00055204211539604
0.00162211643969821
0.00136906437545056
0.00391047255069987
0.0361275334767139
0.00376658389063539
0
0
0
0
0
0
0
0
0
0
0
0
0
0
0
0
0
0.00336233844171766
0.000978764639261614
0.00455083833272854
0.00125568401067225
0.0533493434157175
0.00721998708653468
0.00419082915453643
0.0583980710017876
0.00370223345971359
0.00170697215487691
0.00238330220910229
0.0372160355071842
0.00152900941363027
0.00189533037767283
0.00125345382810719
0.00174560587082748
0.00116155869052974
0.00216704895667293
0.00106820484790762
0.00112687543282734
0.00153884728105141
0.0738517288104779
0.00597669029348052
0.0705280714084519
0
0
0
0
0
0
0
0
0
0
0
0
0
0
0
0
0
0
0.000895285203168048
0.00169096807627464
0.00174925382121538
0.00315935615858227
0.0040003494931417
0.00164256409673948
0.00336794656641859
0.00234946213195037
0.00147335365398863
0.00159284686571128
0.00174398664742232
0.0345786696777211
0.0206147390833438
0.00164803279437308
0.0333100534766595
0.0012864397436033
0.00190179095662404
0.00065544615811399
0.0381548470506357
0.0357813070051533
0.0023609625850885
0.00396142690596964
0.00219642502966102
0
0
0
0
0
0
0
0
0
0
0
0
0
0
0
0
0
0
0
0.00092550924304687
0.000669493242121059
0.000905855552602099
0.00113295045765412
0.00117858966828324
0.00064690459035823
0.00101955962320192
0.000710157230877194
0.000833586787056056
0.000568348396906143
0.00101882600417907
0.000892605093418664
0.000666129660997218
0.000884628782124166
0.000616347225697864
0.000570974183589425
0.0182415057710585
0.000877618708080181
0.000891282065470163
0.000716437118696998
0.000734621227224786
0.000719214514594984
0
0
0
0
0
0
0
0
0
0
0
0
0
0
0
0
0
0
0
0
0.00123284149250605
0.00419651275101431
0.0855770974678743
0.0163173480666843
0.0044401734799227
0.00290876196553153
0.00140039633378544
0.00115463380565123
0.00366458469091593
0.00154820949019839
0.00186444566864168
0.000911636701315933
0.00168222263970169
0.000927604612118058
0.00155344356412549
0.00091537345563048
0.00163012983657942
0.00171549030965464
0.0037579603737972
0.0185506173134976
0.00336820320307881
0
0
0
0
0
0
0
0
0
0
0
0
0
0
0
0
0
0
0
0
0
0.00110348777822819
0.0011942883928083
0.00141182547153195
0.0012770034427302
0.0016598311684088
0.00107399482749373
0.00104668145006991
0.00104669843954729
0.00203120312572055
0.00231393495205635
0.00151741803800514
0.00190430810563005
0.00130450142663965
0.00117432254749531
0.000376162646961593
0.00169699821348176
0.00195087142152084
0.00114562308616705
0.00109255625472168
0.00120133028443695
0
0
0
0
0
0
0
0
0
0
0
0
0
0
0
0
0
0
0
0
0
0
0.00591120651917827
0.00421202836692318
0.590066780702111
0.00336205999789814
0.00172238569270037
0.00184917276802532
0.0265720689422794
0.00150362989062164
0.00148451748307234
0.0020044720865948
0.00172315013239778
0.00131577920396172
0.00186306952457289
0.000905258174171903
0.00120753224616745
0.00188373659010787
0.0433653210037612
0.00463453891641206
0.0403570142806312
0
0
0
0
0
0
0
0
0
0
0
0
0
0
0
0
0
0
0
0
0
0
0
0.0160249970626479
0.00614214702857016
0.00358891462705128
0.00166547510464124
0.00121017815808651
0.00409423765299126
0.00134142721979617
0.00174440377829757
0.00122097286530212
0.00156870696997306
0.00119727154863239
0.00141139759275338
0.0011294809055016
0.00142671116122251
0.00146267409276424
0.00446830988792743
0.0241201199905835
0.00409099995650722
0
0
0
0
0
0
0
0
0
0
0
0
0
0
0
0
0
0
0
0
0
0
0
0
0.00445290753639972
0.00278015229987894
0.00119831349355018
0.00145240020684481
0.00464395816838518
0.00169468542025019
0.00180657809044703
0.00125296913351074
0.00182448881532718
0.00122302373547558
0.00097260752861713
0.00100312155749473
0.00125530069286941
0.00165302794230682
0.00320722249731812
0.0315994430931849
0.00304061806559022
0
0
0
0
0
0
0
0
0
0
0
0
0
0
0
0
0
0
0
0
0
0
0
0
0
0.00323995062741597
0.00160939884235091
0.00207476526152919
0.0270694889887611
0.00147846981545407
0.00153463624818998
0.00163994868959217
0.00169512090951177
0.001166292582344
0.00185335939043747
0.000986398204378128
0.00111125618414527
0.00174830739697251
0.0435253244291976
0.0047977752724209
0.0406428494118043
0
0
0
0
0
0
0
0
0
0
0
0
0
0
0
0
0
0
0
0
0
0
0
0
0
0
0.00164345132093541
0.00164350672089126
0.00228321668947014
0.00183825126972273
0.00240132763016035
0.00176070109815332
0.00211683772691998
0.00150525360154017
0.00201100927427118
0.000785268442320023
0.00174011298448933
0.00172438014187121
0.00278201925740078
0.00383376784293276
0.00276894902351896
0
0
0
0
0
0
0
0
0
0
0
0
0
0
0
0
0
0
0
0
0
0
0
0
0
0
0
0.247425115984919
0.0012691879392534
0.00174207935384401
0.00271219622941453
0.0154733107600166
0.00177061113459159
0.0123807673712588
0.00221060635228961
0.000905820982297625
0.00172124697353952
0.00154148860738459
0.00142880394838353
0.00138439169013935
0.00168174901694244
0
0
0
0
0
0
0
0
0
0
0
0
0
0
0
0
0
0
0
0
0
0
0
0
0
0
0
0
0.00115792582610128
0.00141305999348033
0.00234273125419823
0.0147017147592469
0.00145226284540556
0.0103136968502927
0.00231193527054933
0.000797783786304581
0.00145459170319178
0.00148084102609732
0.00160321970458957
0.00159744139958471
0.0014655310458007
0
0
0
0
0
0
0
0
0
0
0
0
0
0
0
0
0
0
0
0
0
0
0
0
0
0
0
0
0
0.00195050173777849
0.00208711780367287
0.00126214769015896
0.0019275164076581
0.00128216211982574
0.000994065084455302
0.000473686697639656
0.0017323561713532
0.00159498590414244
0.0345753994859556
0.00399598331744102
0.0339044170840059
0
0
0
0
0
0
0
0
0
0
0
0
0
0
0
0
0
0
0
0
0
0
0
0
0
0
0
0
0
0
0.0314309877680707
0.00145564486847028
0.718721184053605
0.00177059543003607
0.00135970943072047
0.000582234930449789
0.08795796849221
0.689257562213772
0.00200508777689776
0.00109848992945633
0.00201507803603282
0
0
0
0
0
0
0
0
0
0
0
0
0
0
0
0
0
0
0
0
0
0
0
0
0
0
0
0
0
0
0
0.00275474413846853
0.0308697216288915
0.00324657899312877
0.00212149114601797
0.00129099079667588
0.0353182854022266
0.032422316651121
0.00241571227949495
0.00188926487315468
0.00234482331930741
0
0
0
0
0
0
0
0
0
0
0
0
0
0
0
0
0
0
0
0
0
0
0
0
0
0
0
0
0
0
0
0
0.00148487302923758
0.185177736946222
0.00219208880262312
0.000730550258328278
0.00162390592762035
0.00145483144098155
0.00171951858669457
0.00149921482887695
0.00146641330284538
0
0
0
0
0
0
0
0
0
0
0
0
0
0
0
0
0
0
0
0
0
0
0
0
0
0
0
0
0
0
0
0
0
0.00197533206177951
0.00144298837418149
0.000566129688289518
0.0847902499113975
0.711656950186552
0.00228475466668605
0.00153905807066807
0.00231876184741289
0
0
0
0
0
0
0
0
0
0
0
0
0
0
0
0
0
0
0
0
0
0
0
0
0
0
0
0
0
0
0
0
0
0
0.00167068455433321
0.00130737430494699
0.00221631861933233
0.00180584606714328
0.0013058715503082
0.00148336108838045
0.00127855675031769
0
0
0
0
0
0
0
0
0
0
0
0
0
0
0
0
0
0
0
0
0
0
0
0
0
0
0
0
0
0
0
0
0
0
0
0.000762043913577717
0.00145030551550314
0.00132748554429645
0.00171167331397094
0.00145952006645093
0.00149853071673368
0
0
0
0
0
0
0
0
0
0
0
0
0
0
0
0
0
0
0
0
0
0
0
0
0
0
0
0
0
0
0
0
0
0
0
0
0.00123686089233395
0.000641069626068763
0.00121263890415853
0.00083290954049012
0.000649595894343602
0
0
0
0
0
0
0
0
0
0
0
0
0
0
0
0
0
0
0
0
0
0
0
0
0
0
0
0
0
0
0
0
0
0
0
0
0
0.091209615444302
0.00136808466434428
0.00128168118073199
0.00120617845538403
0
0
0
0
0
0
0
0
0
0
0
0
0
0
0
0
0
0
0
0
0
0
0
0
0
0
0
0
0
0
0
0
0
0
0
0
0
0
0.00216410337266927
0.00140363619893356
0.00213462376604184
0
0
0
0
0
0
0
0
0
0
0
0
0
0
0
0
0
0
0
0
0
0
0
0
0
0
0
0
0
0
0
0
0
0
0
0
0
0
0
0.00413413592125536
0.50026042515817
0
0
0
0
0
0
0
0
0
0
0
0
0
0
0
0
0
0
0
0
0
0
0
0
0
0
0
0
0
0
0
0
0
0
0
0
0
0
0
0
0.00336100121071814
